   1.6000000e+01   1.6000000e+01
   3.2000000e+01   1.6000000e+01
   4.8000000e+01   1.6000000e+01
   6.4000000e+01   1.6000000e+01
   8.0000000e+01   1.6000000e+01
   9.6000000e+01   1.6000000e+01
   1.1200000e+02   1.6000000e+01
   1.6000000e+01   3.2000000e+01
   3.2000000e+01   3.2000000e+01
   4.8000000e+01   3.2000000e+01
   6.4000000e+01   3.2000000e+01
   8.0000000e+01   3.2000000e+01
   9.6000000e+01   3.2000000e+01
   1.1200000e+02   3.2000000e+01
   1.6000000e+01   4.8000000e+01
   3.2000000e+01   4.8000000e+01
   4.8000000e+01   4.8000000e+01
   6.4000000e+01   4.8000000e+01
   8.0000000e+01   4.8000000e+01
   9.6000000e+01   4.8000000e+01
   1.1200000e+02   4.8000000e+01
   1.6000000e+01   6.4000000e+01
   3.2000000e+01   6.4000000e+01
   4.8000000e+01   6.4000000e+01
   6.4000000e+01   6.4000000e+01
   8.0000000e+01   6.4000000e+01
   9.6000000e+01   6.4000000e+01
   1.1200000e+02   6.4000000e+01
   1.6000000e+01   8.0000000e+01
   3.2000000e+01   8.0000000e+01
   4.8000000e+01   8.0000000e+01
   6.4000000e+01   8.0000000e+01
   8.0000000e+01   8.0000000e+01
   9.6000000e+01   8.0000000e+01
   1.1200000e+02   8.0000000e+01
   1.6000000e+01   9.6000000e+01
   3.2000000e+01   9.6000000e+01
   4.8000000e+01   9.6000000e+01
   6.4000000e+01   9.6000000e+01
   8.0000000e+01   9.6000000e+01
   9.6000000e+01   9.6000000e+01
   1.1200000e+02   9.6000000e+01
   1.6000000e+01   1.1200000e+02
   3.2000000e+01   1.1200000e+02
   4.8000000e+01   1.1200000e+02
   6.4000000e+01   1.1200000e+02
   8.0000000e+01   1.1200000e+02
   9.6000000e+01   1.1200000e+02
   1.1200000e+02   1.1200000e+02
